[gd_scene load_steps=6 format=2]

[ext_resource path="res://Scenes/MiniSculptures/Bit/Bit.tscn" type="PackedScene" id=1]
[ext_resource path="res://Sprites/HDRIs/studio_small_08_2k.exr" type="Texture" id=5]

[sub_resource type="GIProbeData" id=17]
bounds = AABB( -10, -10, -10, 20, 20, 20 )
cell_size = 0.15625
to_cell_xform = Transform( 6.4, 0, 0, 0, 6.4, 0, 0, 0, 6.4, 64, 64, 64 )
dynamic_data = PoolIntArray( 0, 8, 128, 128, 128, 1, 0, 0, 1101004800, 1086324736, 1065353216, 0, 1101004800, 1101004800, 1065353216, 1065353216, -1, -1, -1, -1, -1, -1, -1, -1, 0, 0, 8355711, 0 )
dynamic_range = 4
bias = 1.5
normal_bias = 0.0
propagation = 0.7

[sub_resource type="PanoramaSky" id=18]
panorama = ExtResource( 5 )

[sub_resource type="Environment" id=19]
background_mode = 2
background_sky = SubResource( 18 )
background_energy = 0.4
ambient_light_color = Color( 0.745098, 0.658824, 0.658824, 1 )
tonemap_mode = 4

[node name="MiniSculptures" type="Spatial"]

[node name="Spatial" type="Spatial" parent="."]
transform = Transform( 0.848048, 0, 0.529919, 0, 1, 0, -0.529919, 0, 0.848048, 0, 0, 0 )

[node name="Camera_Static" type="Camera" parent="Spatial"]
transform = Transform( 1, -1.49012e-08, 2.98023e-08, 0, 0.845001, 0.534765, -2.98023e-08, -0.534765, 0.845001, 2.38419e-06, 8.7404, 11.8455 )
fov = 50.4

[node name="GIProbe" type="GIProbe" parent="."]
visible = false
data = SubResource( 17 )

[node name="WorldEnvironment" type="WorldEnvironment" parent="."]
environment = SubResource( 19 )

[node name="Bit" parent="." instance=ExtResource( 1 )]
transform = Transform( 1, 0, 0, 0, 1, 0, 0, 0, 1, 0, 1, 0 )
idx = 2

[node name="DirectionalLight" type="DirectionalLight" parent="."]
transform = Transform( 0.93559, -0.352909, -0.0112486, 0.233864, 0.595494, 0.768566, -0.264536, -0.721693, 0.639671, 0, 0, 0 )
shadow_enabled = true
