[gd_scene load_steps=16 format=2]

[ext_resource path="res://Models/Backdrop/Backdrop_Plane.mesh" type="ArrayMesh" id=1]
[ext_resource path="res://Models/MiniSculptures/VectormanItem/VectormanItem.gltf" type="PackedScene" id=2]
[ext_resource path="res://Scenes/MiniSculptures/vs_VectormanItem_Base.tres" type="Shader" id=3]
[ext_resource path="res://Scenes/MiniSculptures/VectormanItem.gd" type="Script" id=4]

[sub_resource type="Environment" id=8]
ambient_light_color = Color( 0.266667, 0.266667, 0.266667, 1 )

[sub_resource type="SpatialMaterial" id=6]
flags_do_not_receive_shadows = true
albedo_color = Color( 0.415686, 0.415686, 0.415686, 1 )
metallic_specular = 0.0
roughness = 0.6

[sub_resource type="VisualShaderNodeInput" id=9]
input_name = "time"

[sub_resource type="VisualShaderNodeVectorFunc" id=10]
function = 5

[sub_resource type="VisualShaderNodeScalarFunc" id=11]
function = 0

[sub_resource type="VisualShaderNodeVectorCompose" id=12]
default_input_values = [ 0, 0.0, 1, 1.0, 2, 1.0 ]

[sub_resource type="VisualShaderNodeScalarOp" id=13]
default_input_values = [ 0, 0.0, 1, 0.1 ]
operator = 2

[sub_resource type="VisualShaderNodeScalarOp" id=14]
default_input_values = [ 0, 0.0, 1, 0.33333 ]

[sub_resource type="VisualShader" id=15]
code = "shader_type spatial;
render_mode specular_schlick_ggx;




void vertex() {
// Output:0

}

void fragment() {
// Input:2
	float n_out2p0 = TIME;

// ScalarOp:6
	float n_in6p1 = 0.10000;
	float n_out6p0 = n_out2p0 * n_in6p1;

// ScalarOp:7
	float n_in7p1 = 0.33333;
	float n_out7p0 = n_out6p0 + n_in7p1;

// ScalarFunc:4
	float n_out4p0 = sin(n_out7p0);

// VectorCompose:5
	float n_in5p1 = 1.00000;
	float n_in5p2 = 1.00000;
	vec3 n_out5p0 = vec3(n_out4p0, n_in5p1, n_in5p2);

// VectorFunc:3
	vec3 n_out3p0;
	{
		vec3 c = n_out5p0;
		vec4 K = vec4(1.0, 2.0 / 3.0, 1.0 / 3.0, 3.0);
		vec3 p = abs(fract(c.xxx + K.xyz) * 6.0 - K.www);
		n_out3p0 = c.z * mix(K.xxx, clamp(p - K.xxx, 0.0, 1.0), c.y);
	}

// Output:0
	ALBEDO = n_out3p0;

}

void light() {
// Output:0

}
"
graph_offset = Vector2( -1302, 123 )
nodes/fragment/2/node = SubResource( 9 )
nodes/fragment/2/position = Vector2( -920, 240 )
nodes/fragment/3/node = SubResource( 10 )
nodes/fragment/3/position = Vector2( 40, 200 )
nodes/fragment/4/node = SubResource( 11 )
nodes/fragment/4/position = Vector2( -340, 200 )
nodes/fragment/5/node = SubResource( 12 )
nodes/fragment/5/position = Vector2( -160, 200 )
nodes/fragment/6/node = SubResource( 13 )
nodes/fragment/6/position = Vector2( -740, 220 )
nodes/fragment/7/node = SubResource( 14 )
nodes/fragment/7/position = Vector2( -580, 200 )
nodes/fragment/connections = PoolIntArray( 4, 0, 5, 0, 5, 0, 3, 0, 3, 0, 0, 0, 2, 0, 6, 0, 6, 0, 7, 0, 7, 0, 4, 0 )

[sub_resource type="ShaderMaterial" id=16]
shader = SubResource( 15 )

[sub_resource type="ShaderMaterial" id=7]
shader = ExtResource( 3 )
shader_param/Enable_Static = null
shader_param/UV_Off = null

[node name="MiniSculptures" type="Spatial"]

[node name="Spatial" type="Spatial" parent="."]
transform = Transform( 0.848048, 0, 0.529919, 0, 1, 0, -0.529919, 0, 0.848048, 0, 0, 0 )

[node name="Camera" type="Camera" parent="Spatial"]
transform = Transform( 1, -2.98023e-08, 4.47035e-08, 0, 0.845001, 0.534765, -2.98023e-08, -0.534765, 0.845001, 1.43051e-06, 13.1518, 18.8161 )
environment = SubResource( 8 )
fov = 15.0

[node name="Backdrop" type="MeshInstance" parent="Spatial"]
transform = Transform( 8, 0, 0, 0, 4, 0, 0, 0, 2, 0, -2, 0 )
cast_shadow = 0
mesh = ExtResource( 1 )
skeleton = NodePath("../..")
material/0 = SubResource( 6 )

[node name="DirectionalLight" type="DirectionalLight" parent="Spatial"]
transform = Transform( 0.933608, 0.0831548, -0.348513, 0.233864, 0.595494, 0.768566, 0.271448, -0.799044, 0.536511, 0, 0, 0 )
shadow_enabled = true

[node name="VectormanItem" parent="." instance=ExtResource( 2 )]
script = ExtResource( 4 )

[node name="Orb" parent="VectormanItem" index="0"]
transform = Transform( 0.866025, 0, 0.5, 0, 1, 0, -0.5, 0, 0.866025, 0, 1.6, 0 )

[node name="Spikes" parent="VectormanItem/Orb" index="0"]
material/0 = SubResource( 16 )

[node name="Base" parent="VectormanItem" index="1"]
material/0 = SubResource( 7 )

[editable path="VectormanItem"]
