[gd_scene load_steps=14 format=2]

[ext_resource path="res://Scenes/Tools/Rotator.gd" type="Script" id=1]
[ext_resource path="res://Scenes/MiniSculptures/EquaBand/EquaBand.tscn" type="PackedScene" id=2]
[ext_resource path="res://Scenes/MiniSculptures/Materials/TranslucentNormalRaditude.material" type="Material" id=3]
[ext_resource path="res://Models/MiniSculptures/Elements/Elements_MarbleOrb.mesh" type="ArrayMesh" id=4]
[ext_resource path="res://Sprites/HDRIs/studio_small_08_2k.exr" type="Texture" id=5]
[ext_resource path="res://Models/MiniSculptures/Elements/Elements_Cone.mesh" type="ArrayMesh" id=6]
[ext_resource path="res://Scenes/MiniSculptures/Materials/Chrome.material" type="Material" id=7]
[ext_resource path="res://Scenes/VUMeter/VUMeter.tscn" type="PackedScene" id=8]
[ext_resource path="res://Scenes/MiniSculptures/ParticlePyramid/ParticlePyramid.tscn" type="PackedScene" id=9]
[ext_resource path="res://Scenes/Tools/Pulser.gd" type="Script" id=10]
[ext_resource path="res://Models/MiniSculptures/Landscape/Landscape.gltf" type="PackedScene" id=11]

[sub_resource type="PanoramaSky" id=18]
panorama = ExtResource( 5 )

[sub_resource type="Environment" id=19]
background_mode = 2
background_sky = SubResource( 18 )
background_energy = 0.47
ambient_light_color = Color( 1, 1, 1, 1 )
ambient_light_energy = 0.37
tonemap_mode = 4

[node name="MiniSculptures" type="Spatial"]

[node name="OrbitCam1" type="Spatial" parent="."]
transform = Transform( 0.707107, 0, 0.707107, 0, 1, 0, -0.707107, 0, 0.707107, 0, 0, 0 )
script = ExtResource( 1 )
rotation_amount = Vector3( 0, 0.25, 0 )

[node name="Camera_Static" type="Camera" parent="OrbitCam1" groups=["Cameras", "PrimaryCamera"]]
transform = Transform( 1, 0, 0, 0, 0.918571, 0.395257, 0, -0.395257, 0.918571, 0, 1.35355, 1.81106 )
fov = 110.3

[node name="TopDownCamera" type="Camera" parent="OrbitCam1" groups=["Cameras"]]
transform = Transform( 0.707107, 0.707107, 3.09086e-08, 0, -4.37114e-08, 1, 0.707107, -0.707107, -3.09086e-08, 5.05847e-08, 4.91366, -5.05847e-08 )

[node name="TightOrbitCamera" type="Camera" parent="OrbitCam1" groups=["Cameras"]]
transform = Transform( 1, 0, 0, 0, 1, 0, 0, 0, 1, 1.344, 1.007, 1.112 )
fov = 53.0

[node name="WorldEnvironment" type="WorldEnvironment" parent="."]
environment = SubResource( 19 )

[node name="DirectionalLight" type="DirectionalLight" parent="."]
transform = Transform( 0.93559, -0.352909, -0.0112486, 0.233864, 0.595494, 0.768566, -0.264536, -0.721693, 0.639671, 0, 0, 0 )
shadow_enabled = true

[node name="EquaBandGroup" type="Spatial" parent="."]
transform = Transform( 1.2, 0, 0, 0, 1.2, 0, 0, 0, 1.2, 0, 0, 0 )

[node name="EquaBand" parent="EquaBandGroup" instance=ExtResource( 2 )]
transform = Transform( -0.75, 0, 1.29904, 0, 1.5, 0, -1.29904, 0, -0.75, 0, 0, 0 )
skeleton = NodePath("../..")
material/0 = ExtResource( 3 )

[node name="EquaBand2" parent="EquaBandGroup" instance=ExtResource( 2 )]
transform = Transform( -1, 0, -1.73205, 0, 2, 0, 1.73205, 0, -1, 0, 0, 0 )
skeleton = NodePath("../..")
material/0 = ExtResource( 3 )

[node name="EquaBand3" parent="EquaBandGroup" instance=ExtResource( 2 )]
transform = Transform( 2.5, 0, 0, 0, 2.5, 0, 0, 0, 2.5, 0, 0, 0 )
skeleton = NodePath("../..")
blend_shapes/01 = 1.0
blend_shapes/02 = 0.0942
blend_shapes/05 = 0.8
material/0 = ExtResource( 3 )

[node name="Pyramid" type="Spatial" parent="."]
transform = Transform( 1.4, 0, 0, 0, 1.4, 0, 0, 0, 1.4, 0, 1, 0 )
script = ExtResource( 1 )
rotation_amount = Vector3( 1, 0.3, 0 )

[node name="ParticlePyramid" parent="Pyramid" instance=ExtResource( 9 )]

[node name="Pulser" type="Spatial" parent="Pyramid"]
visible = false
script = ExtResource( 10 )
channel = 1
multiplier = 1.0
base_scale = 1.0

[node name="MeshInstance" type="MeshInstance" parent="Pyramid/Pulser"]
mesh = ExtResource( 6 )
skeleton = NodePath("../../..")
material/0 = ExtResource( 7 )

[node name="Orb" type="MeshInstance" parent="."]
transform = Transform( 1, 0, 0, 0, 1, 0, 0, 0, 1, 0, 1, 0 )
mesh = ExtResource( 4 )
material/0 = null

[node name="ReflectionProbe" type="ReflectionProbe" parent="."]
transform = Transform( 1, 0, 0, 0, 1, 0, 0, 0, 1, 0, 0.789715, 0 )
visible = false
update_mode = 1
extents = Vector3( 4, 4, 4 )

[node name="VUMeter" parent="." instance=ExtResource( 8 )]
visible = false
margin_top = 523.0
margin_right = -819.0

[node name="Landscape" parent="." instance=ExtResource( 11 )]
transform = Transform( 1, 0, 0, 0, 1, 0, 0, 0, 1, 0, -4.72332, 0 )
