[gd_scene load_steps=5 format=2]

[ext_resource path="res://Scenes/MiniSculptures/ParticlePyramid/ColorRamp.tres" type="Gradient" id=1]

[sub_resource type="SpatialMaterial" id=20]
flags_transparent = true
flags_unshaded = true
flags_do_not_receive_shadows = true
vertex_color_use_as_albedo = true
params_billboard_mode = 3
params_billboard_keep_scale = true
particles_anim_h_frames = 1
particles_anim_v_frames = 1
particles_anim_loop = false

[sub_resource type="QuadMesh" id=21]
material = SubResource( 20 )
size = Vector2( 0.1, 0.1 )

[sub_resource type="Curve" id=22]
_data = [ Vector2( 0, 0 ), 0.0, 35.9182, 0, 0, Vector2( 0.0933941, 1 ), 0.0, 0.0, 0, 0, Vector2( 1, 0 ), -1.7258, 0.0, 0, 0 ]

[node name="ParticlePyramid" type="Spatial"]

[node name="Top" type="Spatial" parent="."]

[node name="Particles" type="CPUParticles" parent="Top"]
transform = Transform( 1, 0, 0, 0, 1, 0, 0, 0, 1, 0, 0.878498, 0 )
amount = 32
lifetime = 2.0
preprocess = 6.0
local_coords = false
mesh = SubResource( 21 )
spread = 0.0
gravity = Vector3( 0, 0, 0 )
scale_amount = 2.0
scale_amount_curve = SubResource( 22 )
color_ramp = ExtResource( 1 )

[node name="Bottom1" type="Spatial" parent="."]
transform = Transform( 1, 0, 0, 0, -0.5, 0.866025, 0, -0.866025, -0.5, 0, 0, 0 )

[node name="Particles" type="CPUParticles" parent="Bottom1"]
transform = Transform( 1, 0, 0, 0, 1, 0, 0, 0, 1, 0, 0.878498, 0 )
amount = 32
lifetime = 2.0
preprocess = 6.0
local_coords = false
mesh = SubResource( 21 )
spread = 0.0
gravity = Vector3( 0, 0, 0 )
scale_amount = 2.0
scale_amount_curve = SubResource( 22 )
color_ramp = ExtResource( 1 )

[node name="Bottom2" type="Spatial" parent="."]
transform = Transform( -0.5, -0.75, -0.433013, 0, -0.5, 0.866025, -0.866025, 0.433013, 0.25, 0, 0, 0 )

[node name="Particles" type="CPUParticles" parent="Bottom2"]
transform = Transform( 1, 0, 0, 0, 1, 0, 0, 0, 1, 0, 0.878498, 0 )
amount = 32
lifetime = 2.0
preprocess = 6.0
local_coords = false
mesh = SubResource( 21 )
spread = 0.0
gravity = Vector3( 0, 0, 0 )
scale_amount = 2.0
scale_amount_curve = SubResource( 22 )
color_ramp = ExtResource( 1 )

[node name="Bottom3" type="Spatial" parent="."]
transform = Transform( -0.5, 0.75, 0.433013, 0, -0.5, 0.866025, 0.866026, 0.433013, 0.25, 0, 0, 0 )

[node name="Particles" type="CPUParticles" parent="Bottom3"]
transform = Transform( 1, 0, 0, 0, 1, 0, 0, 0, 1, 0, 0.878498, 0 )
amount = 32
lifetime = 2.0
preprocess = 6.0
local_coords = false
mesh = SubResource( 21 )
spread = 0.0
gravity = Vector3( 0, 0, 0 )
scale_amount = 2.0
scale_amount_curve = SubResource( 22 )
color_ramp = ExtResource( 1 )
