[gd_scene load_steps=7 format=2]

[ext_resource path="res://Models/Racetrack/Islands01/Islands01.gltf" type="PackedScene" id=1]
[ext_resource path="res://Scenes/Racetrack/Islands01/Car.gd" type="Script" id=2]
[ext_resource path="res://Scenes/Racetrack/Islands01/Islands01_Path.tres" type="Curve3D" id=3]

[sub_resource type="ProceduralSky" id=1]
sun_latitude = 37.34
sun_longitude = -32.73

[sub_resource type="Environment" id=2]
background_mode = 2
background_sky = SubResource( 1 )
fog_enabled = true
fog_depth_begin = 25.0
fog_depth_end = 200.0
dof_blur_far_amount = 0.05
dof_blur_far_quality = 0

[sub_resource type="PrismMesh" id=4]
size = Vector3( 0.25, 0.25, 0.125 )

[node name="Spatial" type="Spatial"]

[node name="WorldEnvironment" type="WorldEnvironment" parent="."]
environment = SubResource( 2 )

[node name="DirectionalLight" type="DirectionalLight" parent="WorldEnvironment"]
transform = Transform( -0.834309, 0.37016, -0.408545, 0, 0.741062, 0.671436, 0.551296, 0.560185, -0.618275, 0, 10, 0 )

[node name="Islands01" parent="." instance=ExtResource( 1 )]

[node name="Path" type="Path" parent="."]
transform = Transform( 1, 0, 0, 0, 1, 0, 0, 0, 1, -0.675188, 0.0489956, 0.4237 )
curve = ExtResource( 3 )

[node name="Car" type="PathFollow" parent="Path"]
transform = Transform( 0.782486, 0.00603943, 0.622638, -0.000100364, 0.999954, -0.00957317, -0.622667, 0.00742839, 0.782451, 101.057, 0.722553, 462.492 )
offset = 2.4
rotation_mode = 4
script = ExtResource( 2 )
speed = 6.0

[node name="MeshInstance" type="MeshInstance" parent="Path/Car"]
transform = Transform( 1, 0, 3.55271e-15, 7.10543e-15, -4.37114e-08, -1, 0, 1, -4.37114e-08, 0, 0, 0 )
mesh = SubResource( 4 )
material/0 = null

[node name="CamRear" type="Camera" parent="Path/Car" groups=["Cameras", "PrimaryCamera"]]
transform = Transform( -1, 0, -1.49012e-07, 0, 1, -1.06581e-14, 1.49012e-07, 7.10543e-15, -1, -3.05176e-05, 0.262586, -0.439819 )
fov = 126.83
far = 200.0

[node name="CamSide" type="Camera" parent="Path/Car" groups=["Cameras"]]
transform = Transform( 2.08616e-07, 7.10543e-15, -1, -5.32907e-14, 1, 1.42109e-14, 1, 7.10543e-14, 2.08616e-07, -0.582062, 0.0594896, -0.0152893 )
far = 200.0

[node name="CamFront" type="Camera" parent="Path/Car" groups=["Cameras"]]
transform = Transform( 1, -2.6077e-08, 2.38419e-07, 7.81597e-14, 0.994056, 0.108867, -2.38419e-07, -0.108867, 0.994057, -3.05176e-05, 0.207415, 0.479401 )
fov = 112.4
far = 200.0

[node name="CamBird" type="Camera" parent="Path/Car" groups=["Cameras"]]
transform = Transform( -1, 1.49012e-07, 0, 0, -4.37114e-08, 1, 1.49012e-07, 1, 4.37114e-08, 0, 4.09588, 0 )
fov = 125.1
far = 200.0
