[gd_scene load_steps=21 format=2]

[ext_resource path="res://Models/Racetrack/Islands01/Islands01.gltf" type="PackedScene" id=1]
[ext_resource path="res://Scenes/Racetrack/Islands01/Car.gd" type="Script" id=2]
[ext_resource path="res://Scenes/Racetrack/Islands01/Islands01_Path.tres" type="Curve3D" id=3]
[ext_resource path="res://Scenes/Racetrack/Islands01/Buildings/Tower01.tscn" type="PackedScene" id=4]
[ext_resource path="res://Scenes/Racetrack/Islands01/Buildings/Small01.tscn" type="PackedScene" id=5]
[ext_resource path="res://Scenes/Racetrack/Islands01/CarTarget.gd" type="Script" id=6]
[ext_resource path="res://Scenes/Racetrack/Islands01/Lamp.tscn" type="PackedScene" id=7]
[ext_resource path="res://Scenes/Racetrack/Islands01/Buildings/Tower03.tscn" type="PackedScene" id=8]
[ext_resource path="res://Scenes/Racetrack/Islands01/Buildings/Tower02.tscn" type="PackedScene" id=9]
[ext_resource path="res://Scenes/Racetrack/Islands01/Buildings/Small02.tscn" type="PackedScene" id=10]
[ext_resource path="res://Models/Racetrack/Islands01/Buildings/Small03.gltf" type="PackedScene" id=11]
[ext_resource path="res://Models/Racetrack/Car/Car.gltf" type="PackedScene" id=12]
[ext_resource path="res://Scenes/Racetrack/Islands01/Buildings/Giant01.tscn" type="PackedScene" id=13]
[ext_resource path="res://Scenes/Racetrack/Islands01/Sky.gd" type="Script" id=14]

[sub_resource type="ProceduralSky" id=1]
sky_top_color = Color( 0.247059, 0.227451, 0.305882, 1 )
sky_horizon_color = Color( 0.423529, 0.192157, 0.65098, 1 )
sky_curve = 0.0232935
sky_energy = 0.5
ground_bottom_color = Color( 0.0705882, 0.137255, 0.207843, 1 )
ground_horizon_color = Color( 0.160784, 0.25098, 0.552941, 1 )
sun_color = Color( 0.498039, 0.796078, 0.996078, 1 )
sun_latitude = 37.34
sun_longitude = -32.73
sun_curve = 0.00457524

[sub_resource type="Environment" id=2]
background_mode = 2
background_sky = SubResource( 1 )
fog_enabled = true
fog_color = Color( 0.247059, 0.227451, 0.305882, 1 )
fog_sun_color = Color( 0.222607, 0.208878, 0.330078, 1 )
fog_depth_begin = 25.0
fog_depth_end = 200.0
dof_blur_far_amount = 0.05
dof_blur_far_quality = 0

[sub_resource type="OpenSimplexNoise" id=3]

[sub_resource type="NoiseTexture" id=4]
seamless = true
noise = SubResource( 3 )

[sub_resource type="SpatialMaterial" id=5]
flags_transparent = true
flags_unshaded = true
flags_do_not_receive_shadows = true
flags_disable_ambient_light = true
params_depth_draw_mode = 1
albedo_color = Color( 0.207843, 0.14902, 0.298039, 1 )
albedo_texture = SubResource( 4 )
uv1_scale = Vector3( 10, 10, 10 )
distance_fade_mode = 1
distance_fade_min_distance = 318.96
distance_fade_max_distance = 0.0

[sub_resource type="QuadMesh" id=6]
material = SubResource( 5 )
size = Vector2( 2000, 2000 )

[node name="Spatial" type="Spatial"]

[node name="DirectionalLight" type="DirectionalLight" parent="."]
transform = Transform( -0.834309, 0.37016, -0.408545, 0, 0.741063, 0.671436, 0.551296, 0.560185, -0.618276, 0, 10, 0 )
light_color = Color( 0.498039, 0.796078, 0.996078, 1 )
shadow_enabled = true

[node name="WorldEnvironment" type="WorldEnvironment" parent="."]
environment = SubResource( 2 )

[node name="Path" type="Path" parent="."]
transform = Transform( 1, 0, 0, 0, 1, 0, 0, 0, 1, -0.675188, 0.0489956, 0.4237 )
curve = ExtResource( 3 )

[node name="Car" type="PathFollow" parent="Path"]
transform = Transform( 0.999999, 0, 0, 0, 1, 0, 0, 0, 1, 99.5316, 0.755103, 460.664 )
rotation_mode = 0
script = ExtResource( 2 )
__meta__ = {
"_edit_group_": true,
"_edit_lock_": true
}
speed = 6.0
look_target = NodePath("../CarTarget")

[node name="Car" type="Spatial" parent="Path/Car"]
transform = Transform( 1, 0, 0, 0, 1, 0, 0, 0, 1, 0, 0.178, 0 )

[node name="CamHood" type="Camera" parent="Path/Car/Car" groups=["Cameras"]]
transform = Transform( 1, 0, 1.74846e-07, 0, 1, 0, -1.74846e-07, 0, 1, -7.62939e-06, 0.021503, -0.318115 )
fov = 95.0
far = 800.0

[node name="CarImport" parent="Path/Car/Car" instance=ExtResource( 12 )]
transform = Transform( -0.05, 0, -4.37114e-09, 0, 0.05, 0, 4.37114e-09, 0, -0.05, 0, 0, 0 )

[node name="OmniLight" type="OmniLight" parent="Path/Car/Car/CarImport"]
transform = Transform( 20, 0, 3.86535e-12, 0, 20, 0, 0, 0, 20, 0, -0.585901, -3.32812 )
light_color = Color( 0, 0.952941, 1, 1 )
light_energy = 4.0
light_specular = 0.0
omni_range = 0.865213

[node name="SpotLight" type="SpotLight" parent="Path/Car/Car/CarImport"]
transform = Transform( 20, 6.10304e-09, 3.4969e-06, -6.10328e-09, -19.9999, 0.0698119, 3.4969e-06, -0.0698119, -19.9999, 0, -1.42933, 5.57324 )
light_color = Color( 0.607843, 0.109804, 0.976471, 1 )
light_energy = 10.0
light_specular = 0.0
spot_angle = 33.6
spot_angle_attenuation = 1.51572

[node name="CamRear" type="Camera" parent="Path/Car" groups=["Cameras", "PrimaryCamera"]]
transform = Transform( 1, -1.67997e-21, 2.36435e-07, 0, 1, 7.10543e-15, -2.36435e-07, -7.10543e-15, 1, -3.8147e-05, 0.262586, 0.960175 )
fov = 95.0
far = 800.0

[node name="CamSide" type="Camera" parent="Path/Car" groups=["Cameras"]]
transform = Transform( 2.08616e-07, 7.10543e-15, -1, -5.32907e-14, 1, 7.10541e-15, 1, 5.32907e-14, 2.08616e-07, -0.882065, 0.0594896, -0.0152893 )
fov = 95.0
far = 800.0

[node name="CamFront" type="Camera" parent="Path/Car" groups=["Cameras"]]
transform = Transform( -1, 3.54736e-08, -3.23906e-07, 7.81598e-14, 0.994056, 0.108867, 3.25842e-07, 0.108867, -0.994056, -3.8147e-05, 0.207415, -0.820587 )
fov = 95.0
far = 800.0

[node name="CamBird" type="Camera" parent="Path/Car" groups=["Cameras"]]
transform = Transform( -1, 1.49012e-07, 0, 0, -4.37114e-08, 1, 1.49012e-07, 1, 4.37114e-08, 0, 4.09588, 0 )
fov = 95.0
far = 800.0

[node name="CarTarget" type="PathFollow" parent="Path"]
transform = Transform( 0.765375, 0.000501739, 0.643583, 2.50792e-05, 1, -0.000809426, -0.643583, 0.000635656, 0.765375, 100.182, 0.756441, 461.419 )
offset = 1.0
rotation_mode = 4
script = ExtResource( 6 )
__meta__ = {
"_edit_group_": true,
"_edit_lock_": true
}
Car = NodePath("../Car")

[node name="Lamp" parent="Path" instance=ExtResource( 7 )]
transform = Transform( -0.881553, 0.247303, -0.402126, 0.206947, 0.968041, 0.141658, 0.424309, 0.0416603, -0.904554, 303.556, 11.2715, 184.081 )
offset = 824.029

[node name="Lamp2" parent="Path" instance=ExtResource( 7 )]
transform = Transform( -0.768732, 0.195968, -0.608805, 0.182732, 0.979518, 0.0845626, 0.612911, -0.0462421, -0.788793, 295.609, 13.1377, 169.999 )
offset = 840.347

[node name="Lamp3" parent="Path" instance=ExtResource( 7 )]
transform = Transform( -0.638316, 0.132745, -0.758238, 0.171492, 0.984785, 0.0280376, 0.750428, -0.112136, -0.651366, 284.921, 13.9585, 159.118 )
offset = 855.644

[node name="Lamp4" parent="Path" instance=ExtResource( 7 )]
transform = Transform( -0.523579, 0.0667508, -0.849353, 0.17143, 0.984789, -0.0282816, 0.834551, -0.160413, -0.527056, 270.976, 13.9579, 148.895 )
offset = 872.982

[node name="Lamp5" parent="Path" instance=ExtResource( 7 )]
transform = Transform( 0.210476, 0.0392345, 0.976805, -0.182359, 0.98323, -0.000199154, -0.96044, -0.178088, 0.214101, 166.591, 29.3966, 226.159 )
offset = 1109.07

[node name="Lamp6" parent="Path" instance=ExtResource( 7 )]
transform = Transform( 0.363508, 0.150995, 0.919266, -0.190444, 0.977982, -0.0853303, -0.911917, -0.144052, 0.384257, 193.968, 28.1661, 234.026 )
offset = 1137.63

[node name="Lamp7" parent="Path" instance=ExtResource( 7 )]
transform = Transform( 0.637522, 0.327183, 0.697502, -0.240768, 0.94461, -0.223028, -0.731844, -0.0257515, 0.68098, 216.596, 24.5235, 246.965 )
offset = 1164.15

[node name="Lamp8" parent="Path" instance=ExtResource( 7 )]
transform = Transform( 0.16819, -0.015229, -0.985629, -0.588367, 0.800691, -0.11277, 0.790908, 0.598884, 0.125707, -32.8361, 7.64654, -327.644 )
offset = 2191.63

[node name="Lamp9" parent="Path" instance=ExtResource( 7 )]
transform = Transform( 0.581028, 0.260868, -0.770937, -0.529475, 0.840546, -0.114623, 0.618112, 0.474795, 0.6265, -64.5522, 3.20609, -316.463 )
offset = 2225.8

[node name="Lamp10" parent="Path" instance=ExtResource( 7 )]
transform = Transform( 0.486115, 0.188035, -0.853418, -0.53946, 0.832864, -0.123774, 0.687513, 0.520558, 0.506301, -86.7041, 0.0111122, -297.303 )
offset = 2255.37

[node name="Lamp11" parent="Path" instance=ExtResource( 7 )]
transform = Transform( -0.389513, -0.123409, -0.912708, -0.555455, 0.821959, 0.125909, 0.734677, 0.556016, -0.388708, -115.547, 0.906332, -301.456 )
offset = 2286.48

[node name="Lamp12" parent="Path" instance=ExtResource( 7 )]
transform = Transform( 0.0893554, 0.202969, -0.975091, -0.624144, 0.774359, 0.103988, 0.776183, 0.599311, 0.195873, -148.03, 5.69456, -308.397 )
offset = 2320.64

[node name="Lamp13" parent="Path" instance=ExtResource( 7 )]
transform = Transform( 0.441495, 0.413797, -0.796143, -0.654407, 0.755555, 0.0298038, 0.613867, 0.507848, 0.60436, -175.668, 8.05691, -294.95 )
offset = 2351.75

[node name="Lamp14" parent="Path" instance=ExtResource( 7 )]
transform = Transform( 0.441495, 0.413797, -0.796143, -0.654407, 0.755555, 0.0298038, 0.613867, 0.507848, 0.60436, -175.668, 8.05691, -294.95 )
offset = 2351.75

[node name="Lamp15" parent="Path" instance=ExtResource( 7 )]
transform = Transform( 0.366579, 0.30921, -0.877493, -0.656089, 0.75464, -0.00816739, 0.659672, 0.578713, 0.479499, -207.096, 7.99784, -269.03 )
offset = 2392.54

[node name="Lamp16" parent="Path" instance=ExtResource( 7 )]
transform = Transform( 0.702731, 0.700471, 0.124536, -0.710239, 0.700932, 0.065242, -0.0415918, -0.1343, 0.990057, -117.686, 4.6173, 111.846 )
offset = 4648.42

[node name="Lamp17" parent="Path" instance=ExtResource( 7 )]
transform = Transform( 0.661087, 0.699311, 0.271894, -0.709645, 0.700439, -0.0760834, -0.243654, -0.142652, 0.959304, -110.512, 4.23079, 145.171 )
offset = 4682.59

[node name="Lamp18" parent="Path" instance=ExtResource( 7 )]
transform = Transform( 0.636586, 0.664291, 0.391756, -0.702904, 0.708778, -0.0596653, -0.317307, -0.237388, 0.91812, -99.5123, 1.47341, 176.742 )
offset = 4716.24

[node name="Lamp19" parent="Path" instance=ExtResource( 7 )]
transform = Transform( 0.633078, 0.63271, 0.445967, -0.704492, 0.70968, -0.00677691, -0.320786, -0.309894, 0.89501, -87.3423, 0.785599, 204.803 )
offset = 4746.84

[node name="Buildings" type="Node" parent="."]

[node name="Towers" type="Node" parent="Buildings"]

[node name="Tower01" parent="Buildings/Towers" instance=ExtResource( 4 )]
transform = Transform( -4.86742, 0, -3.5083, 0, 6, 0, 3.5083, 0, -4.86742, 121.611, 0, 430.801 )

[node name="Tower04" parent="Buildings/Towers" instance=ExtResource( 4 )]
transform = Transform( 3.5083, 0, -4.86742, 0, 6, 0, 4.86742, 0, 3.5083, 140.611, 0, 417.801 )

[node name="Tower06" parent="Buildings/Towers" instance=ExtResource( 4 )]
transform = Transform( 9, 0, 0, 0, 9, 0, 0, 0, 9, 129.611, 0, 362.801 )

[node name="Tower07" parent="Buildings/Towers" instance=ExtResource( 4 )]
transform = Transform( 4.5, 0, 7.79423, 0, 9, 0, -7.79423, 0, 4.5, 214.611, 0, 180.801 )

[node name="Tower08" parent="Buildings/Towers" instance=ExtResource( 4 )]
transform = Transform( -9, 0, -1.35896e-06, 0, 9, 0, 1.35896e-06, 0, -9, -181.933, 0, -402.326 )

[node name="Tower10" parent="Buildings/Towers" instance=ExtResource( 4 )]
transform = Transform( -3.93403e-07, 0, 9, 0, 9, 0, -9, 0, -3.93403e-07, -241.933, 0, -430.326 )

[node name="Tower09" parent="Buildings/Towers" instance=ExtResource( 4 )]
transform = Transform( 9, 0, 0, 0, 9, 0, 0, 0, 9, -181.933, 0, -454.326 )

[node name="Tower05" parent="Buildings/Towers" instance=ExtResource( 4 )]
transform = Transform( 4.86742, 0, 3.5083, 0, 6, 0, -3.5083, 0, 4.86742, 118.611, 0, 404.801 )

[node name="Tower02" parent="Buildings/Towers" instance=ExtResource( 4 )]
transform = Transform( -3.4358, 0, -4.91887, 0, 6, 0, 4.91887, 0, -3.4358, 265.952, 0, 430.801 )

[node name="Tower03" parent="Buildings/Towers" instance=ExtResource( 4 )]
transform = Transform( -4.23753, 0, 4.24775, 0, 6, 0, -4.24775, 0, -4.23753, 199.412, 0, 377.91 )

[node name="Tower" parent="Buildings/Towers" instance=ExtResource( 8 )]
transform = Transform( 12, 0, 0, 0, 12, 0, 0, 0, 12, 114.631, 0, 280.648 )

[node name="Tower4" parent="Buildings/Towers" instance=ExtResource( 8 )]
transform = Transform( 8, 0, 13.8564, 0, 16, 0, -13.8564, 0, 8, 248.631, 0, 200.648 )

[node name="Tower2" parent="Buildings/Towers" instance=ExtResource( 8 )]
transform = Transform( 6.71986, 0, 9.94201, 0, 12, 0, -9.94201, 0, 6.71986, -211.245, 0, -351.996 )

[node name="Tower3" parent="Buildings/Towers" instance=ExtResource( 9 )]
transform = Transform( 12, 0, 0, 0, 12, 0, 0, 0, 12, -65.8673, 1.03289, -57.2596 )

[node name="Smalls" type="Node" parent="Buildings"]

[node name="Small01" parent="Buildings/Smalls" instance=ExtResource( 5 )]
transform = Transform( -1.31134e-07, 0, -3, 0, 3, 0, 3, 0, -1.31134e-07, 152.189, 0, 429.27 )

[node name="Small49" parent="Buildings/Smalls" instance=ExtResource( 5 )]
transform = Transform( -1.31134e-07, 0, -3, 0, 3, 0, 3, 0, -1.31134e-07, -250.464, 0, -399.582 )

[node name="Small50" parent="Buildings/Smalls" instance=ExtResource( 5 )]
transform = Transform( -1.31134e-07, 0, -3, 0, 3, 0, 3, 0, -1.31134e-07, -241.251, 0, -392.757 )

[node name="Small51" parent="Buildings/Smalls" instance=ExtResource( 5 )]
transform = Transform( -2.62268e-07, 0, -6, 0, 6, 0, 6, 0, -2.62268e-07, -230.153, 0, -401.03 )

[node name="Small52" parent="Buildings/Smalls" instance=ExtResource( 5 )]
transform = Transform( -1.31134e-07, 0, -3, 0, 3, 0, 3, 0, -1.31134e-07, -222.142, 0, -385.591 )

[node name="Small53" parent="Buildings/Smalls" instance=ExtResource( 5 )]
transform = Transform( -1.31134e-07, 0, -3, 0, 3, 0, 3, 0, -1.31134e-07, -117.043, 0, -381.155 )

[node name="Small54" parent="Buildings/Smalls" instance=ExtResource( 5 )]
transform = Transform( -1.31134e-07, 0, -3, 0, 3, 0, 3, 0, -1.31134e-07, -106.465, 0, -388.321 )

[node name="Small55" parent="Buildings/Smalls" instance=ExtResource( 5 )]
transform = Transform( -1.31134e-07, 0, -3, 0, 3, 0, 3, 0, -1.31134e-07, -107.83, 0, -379.108 )

[node name="Small56" parent="Buildings/Smalls" instance=ExtResource( 5 )]
transform = Transform( -1.31134e-07, 0, -3, 0, 3, 0, 3, 0, -1.31134e-07, -97.5927, 0, -363.411 )

[node name="Small57" parent="Buildings/Smalls" instance=ExtResource( 5 )]
transform = Transform( -1.31134e-07, 0, -3, 0, 3, 0, 3, 0, -1.31134e-07, -117.384, 0, -354.881 )

[node name="Small58" parent="Buildings/Smalls" instance=ExtResource( 5 )]
transform = Transform( -1.31134e-07, 0, -3, 0, 3, 0, 3, 0, -1.31134e-07, -255.583, 0, -343.279 )

[node name="Small59" parent="Buildings/Smalls" instance=ExtResource( 5 )]
transform = Transform( -1.31134e-07, 0, -3, 0, 3, 0, 3, 0, -1.31134e-07, -304.72, 0, -412.549 )

[node name="Small60" parent="Buildings/Smalls" instance=ExtResource( 5 )]
transform = Transform( -1.31134e-07, 0, -3, 0, 3, 0, 3, 0, -1.31134e-07, -350.72, 0, -443.549 )

[node name="Small61" parent="Buildings/Smalls" instance=ExtResource( 5 )]
transform = Transform( -1.31134e-07, 0, -3, 0, 3, 0, 3, 0, -1.31134e-07, -368.464, 0, -426.487 )

[node name="Small62" parent="Buildings/Smalls" instance=ExtResource( 5 )]
transform = Transform( -1.31134e-07, 0, -3, 0, 3, 0, 3, 0, -1.31134e-07, -368.464, 0, -409.084 )

[node name="Small02" parent="Buildings/Smalls" instance=ExtResource( 5 )]
transform = Transform( 3, 0, 0, 0, 3, 0, 0, 0, 3, 161.189, 0, 426.27 )

[node name="Small13" parent="Buildings/Smalls" instance=ExtResource( 5 )]
transform = Transform( 3, 0, 0, 0, 3, 0, 0, 0, 3, 193.189, 0, 286.27 )

[node name="Small14" parent="Buildings/Smalls" instance=ExtResource( 5 )]
transform = Transform( -1.31134e-07, 0, 3, 0, 3, 0, -3, 0, -1.31134e-07, 193.189, 0, 273.27 )

[node name="Small15" parent="Buildings/Smalls" instance=ExtResource( 5 )]
transform = Transform( -3, 0, -4.52987e-07, 0, 3, 0, 4.52987e-07, 0, -3, 169.189, 0, 286.27 )

[node name="Small16" parent="Buildings/Smalls" instance=ExtResource( 5 )]
transform = Transform( 2.26494e-07, 0, -3, 0, 3, 0, 3, 0, 2.26494e-07, 169.189, 0, 273.27 )

[node name="Small03" parent="Buildings/Smalls" instance=ExtResource( 5 )]
transform = Transform( 3, 0, 0, 0, 3, 0, 0, 0, 3, 134.218, 0, 296.289 )

[node name="Small07" parent="Buildings/Smalls" instance=ExtResource( 5 )]
transform = Transform( -1.31134e-07, 0, 3, 0, 3, 0, -3, 0, -1.31134e-07, 134.671, 0, 282.289 )

[node name="Small08" parent="Buildings/Smalls" instance=ExtResource( 5 )]
transform = Transform( 3, 0, -1.59872e-13, 0, 3, 0, 1.59872e-13, 0, 3, 134.671, 0, 267.289 )

[node name="Small32" parent="Buildings/Smalls" instance=ExtResource( 5 )]
transform = Transform( 3, 0, -1.59872e-13, 0, 3, 0, 1.59872e-13, 0, 3, 216.671, 0, 160.289 )

[node name="Small33" parent="Buildings/Smalls" instance=ExtResource( 5 )]
transform = Transform( 3, 0, -1.59872e-13, 0, 3, 0, 1.59872e-13, 0, 3, 204.671, 0, 161.289 )

[node name="Small34" parent="Buildings/Smalls" instance=ExtResource( 5 )]
transform = Transform( 3, 0, -1.59872e-13, 0, 3, 0, 1.59872e-13, 0, 3, 210.671, 0, 151.289 )

[node name="Small35" parent="Buildings/Smalls" instance=ExtResource( 5 )]
transform = Transform( 3, 0, -1.59872e-13, 0, 3, 0, 1.59872e-13, 0, 3, 195.671, 0, 167.289 )

[node name="Small36" parent="Buildings/Smalls" instance=ExtResource( 5 )]
transform = Transform( 3, 0, -1.59872e-13, 0, 3, 0, 1.59872e-13, 0, 3, 192.671, 0, 176.289 )

[node name="Small37" parent="Buildings/Smalls" instance=ExtResource( 5 )]
transform = Transform( 3, 0, -1.59872e-13, 0, 3, 0, 1.59872e-13, 0, 3, 191.671, 0, 188.289 )

[node name="Small38" parent="Buildings/Smalls" instance=ExtResource( 5 )]
transform = Transform( 3, 0, -1.59872e-13, 0, 3, 0, 1.59872e-13, 0, 3, 178.671, 0, 170.289 )

[node name="Small39" parent="Buildings/Smalls" instance=ExtResource( 5 )]
transform = Transform( 3, 0, -1.59872e-13, 0, 3, 0, 1.59872e-13, 0, 3, 192.671, 0, 155.289 )

[node name="Small40" parent="Buildings/Smalls" instance=ExtResource( 5 )]
transform = Transform( 3, 0, -1.59872e-13, 0, 3, 0, 1.59872e-13, 0, 3, 181.671, 0, 203.289 )

[node name="Small41" parent="Buildings/Smalls" instance=ExtResource( 5 )]
transform = Transform( 3, 0, -1.59872e-13, 0, 3, 0, 1.59872e-13, 0, 3, 193.671, 0, 217.289 )

[node name="Small42" parent="Buildings/Smalls" instance=ExtResource( 5 )]
transform = Transform( 3, 0, -1.59872e-13, 0, 3, 0, 1.59872e-13, 0, 3, 211.671, 0, 222.289 )

[node name="Small43" parent="Buildings/Smalls" instance=ExtResource( 5 )]
transform = Transform( 3, 0, -1.59872e-13, 0, 3, 0, 1.59872e-13, 0, 3, 228.671, 0, 234.289 )

[node name="Small44" parent="Buildings/Smalls" instance=ExtResource( 5 )]
transform = Transform( 3, 0, -1.59872e-13, 0, 3, 0, 1.59872e-13, 0, 3, 258.671, 0, 227.289 )

[node name="Small45" parent="Buildings/Smalls" instance=ExtResource( 5 )]
transform = Transform( 3, 0, -1.59872e-13, 0, 3, 0, 1.59872e-13, 0, 3, 276.671, 0, 228.289 )

[node name="Small46" parent="Buildings/Smalls" instance=ExtResource( 5 )]
transform = Transform( 3, 0, -1.59872e-13, 0, 3, 0, 1.59872e-13, 0, 3, 284.671, 0, 210.289 )

[node name="Small47" parent="Buildings/Smalls" instance=ExtResource( 5 )]
transform = Transform( 3, 0, -1.59872e-13, 0, 3, 0, 1.59872e-13, 0, 3, 275.671, 0, 216.289 )

[node name="Small48" parent="Buildings/Smalls" instance=ExtResource( 5 )]
transform = Transform( 3, 0, -1.59872e-13, 0, 3, 0, 1.59872e-13, 0, 3, 278.671, 0, 198.289 )

[node name="Small09" parent="Buildings/Smalls" instance=ExtResource( 5 )]
transform = Transform( -3, 0, 0, 0, 3, 0, 0, 0, -3, 103.256, 0, 298.975 )

[node name="Small10" parent="Buildings/Smalls" instance=ExtResource( 5 )]
transform = Transform( 0, 0, -3, 0, 3, 0, 3, 0, 0, 94.6763, 0, 298.755 )

[node name="Small11" parent="Buildings/Smalls" instance=ExtResource( 5 )]
transform = Transform( -3, 0, 0, 0, 3, 0, 0, 0, -3, 95.0697, 0, 290.149 )

[node name="Small04" parent="Buildings/Smalls" instance=ExtResource( 5 )]
transform = Transform( -3, 0, -4.52987e-07, 0, 3, 0, 4.52987e-07, 0, -3, 197.189, 0, 433.27 )

[node name="Small12" parent="Buildings/Smalls" instance=ExtResource( 5 )]
transform = Transform( -6, 0, -9.05975e-07, 0, 6, 0, 9.05975e-07, 0, -6, 181.189, 0, 279.27 )

[node name="Small05" parent="Buildings/Smalls" instance=ExtResource( 5 )]
transform = Transform( -1.31134e-07, 0, 3, 0, 3, 0, -3, 0, -1.31134e-07, 205.189, 0, 435.27 )

[node name="Small06" parent="Buildings/Smalls" instance=ExtResource( 5 )]
transform = Transform( 3, 0, 0, 0, 3, 0, 0, 0, 3, 213.189, 0, 438.27 )

[node name="Small" parent="Buildings/Smalls" instance=ExtResource( 10 )]
transform = Transform( 3, 0, 0, 0, 3, 0, 0, 0, 3, -76.3372, 0, -45.8023 )

[node name="Small2" parent="Buildings/Smalls" instance=ExtResource( 10 )]
transform = Transform( 3, 0, 0, 0, 3, 0, 0, 0, 3, -104.292, 0, -129.021 )

[node name="Small3" parent="Buildings/Smalls" instance=ExtResource( 10 )]
transform = Transform( 3, 0, 0, 0, 3, 0, 0, 0, 3, -110.292, 0, -139.021 )

[node name="Small4" parent="Buildings/Smalls" instance=ExtResource( 10 )]
transform = Transform( 3, 0, 0, 0, 3, 0, 0, 0, 3, -116.292, 0, -149.021 )

[node name="Small17" parent="Buildings/Smalls" groups=["Highlightable"] instance=ExtResource( 11 )]
transform = Transform( 3, 0, 0, 0, 3, 0, 0, 0, 3, 181, 0, 264 )

[node name="Small26" parent="Buildings/Smalls" groups=["Highlightable"] instance=ExtResource( 11 )]
transform = Transform( 6, 0, 0, 0, 6, 0, 0, 0, 6, 207, 0, 208 )

[node name="Small63" parent="Buildings/Smalls" groups=["Highlightable"] instance=ExtResource( 11 )]
transform = Transform( 6, 0, 0, 0, 6, 0, 0, 0, 6, -26.3788, 0, -220.293 )

[node name="Small65" parent="Buildings/Smalls" groups=["Highlightable"] instance=ExtResource( 11 )]
transform = Transform( 6, 0, 0, 0, 6, 0, 0, 0, 6, -10.3788, 0, -206.293 )

[node name="Small66" parent="Buildings/Smalls" groups=["Highlightable"] instance=ExtResource( 11 )]
transform = Transform( 6, 0, 0, 0, 6, 0, 0, 0, 6, -24.3788, 0, -191.293 )

[node name="Small67" parent="Buildings/Smalls" groups=["Highlightable"] instance=ExtResource( 11 )]
transform = Transform( 12, 0, 0, 0, 12, 0, 0, 0, 12, -59.3788, 0, -239.293 )

[node name="Small64" parent="Buildings/Smalls" groups=["Highlightable"] instance=ExtResource( 11 )]
transform = Transform( 6, 0, 0, 0, 6, 0, 0, 0, 6, -40.3788, 0, -206.293 )

[node name="Small27" parent="Buildings/Smalls" groups=["Highlightable"] instance=ExtResource( 11 )]
transform = Transform( 6, 0, 0, 0, 6, 0, 0, 0, 6, 227, 0, 219 )

[node name="Small28" parent="Buildings/Smalls" groups=["Highlightable"] instance=ExtResource( 11 )]
transform = Transform( 6, 0, 0, 0, 6, 0, 0, 0, 6, 246, 0, 228 )

[node name="Small29" parent="Buildings/Smalls" groups=["Highlightable"] instance=ExtResource( 11 )]
transform = Transform( 6, 0, 0, 0, 6, 0, 0, 0, 6, 271, 0, 187 )

[node name="Small30" parent="Buildings/Smalls" groups=["Highlightable"] instance=ExtResource( 11 )]
transform = Transform( 6, 0, 0, 0, 6, 0, 0, 0, 6, 253, 0, 174 )

[node name="Small31" parent="Buildings/Smalls" groups=["Highlightable"] instance=ExtResource( 11 )]
transform = Transform( 6, 0, 0, 0, 6, 0, 0, 0, 6, 235, 0, 163 )

[node name="Small18" parent="Buildings/Smalls" groups=["Highlightable"] instance=ExtResource( 11 )]
transform = Transform( 3, 0, 0, 0, 3, 0, 0, 0, 3, 181, 0, 294 )

[node name="Small19" parent="Buildings/Smalls" groups=["Highlightable"] instance=ExtResource( 11 )]
transform = Transform( 3, 0, 0, 0, 3, 0, 0, 0, 3, 79, 0, 277 )

[node name="Small20" parent="Buildings/Smalls" groups=["Highlightable"] instance=ExtResource( 11 )]
transform = Transform( 3, 0, 0, 0, 3, 0, 0, 0, 3, 79, 0, 270 )

[node name="Small21" parent="Buildings/Smalls" groups=["Highlightable"] instance=ExtResource( 11 )]
transform = Transform( 3, 0, 0, 0, 3, 0, 0, 0, 3, 79, 0, 263 )

[node name="Small22" parent="Buildings/Smalls" groups=["Highlightable"] instance=ExtResource( 11 )]
transform = Transform( 2.12132, 0, 2.12132, 0, 3, 0, -2.12132, 0, 2.12132, 34.9497, 0, 372.95 )

[node name="Small23" parent="Buildings/Smalls" groups=["Highlightable"] instance=ExtResource( 11 )]
transform = Transform( 2.12132, 0, 2.12132, 0, 3, 0, -2.12132, 0, 2.12132, 30, 0, 368 )

[node name="Small25" parent="Buildings/Smalls" groups=["Highlightable"] instance=ExtResource( 11 )]
transform = Transform( 2.12132, 0, 2.12132, 0, 3, 0, -2.12132, 0, 2.12132, 35, 0, 363 )

[node name="Small24" parent="Buildings/Smalls" groups=["Highlightable"] instance=ExtResource( 11 )]
transform = Transform( 2.12132, 0, 2.12132, 0, 3, 0, -2.12132, 0, 2.12132, 25.0503, 0, 363.05 )

[node name="Giant01" parent="Buildings" instance=ExtResource( 13 )]
transform = Transform( 20, 0, 0, 0, 10, 0, 0, 0, 20, -209.175, 0, -429.952 )

[node name="Islands01" parent="." instance=ExtResource( 1 )]

[node name="Sky" type="MeshInstance" parent="."]
transform = Transform( 1, 0, 0, 0, -4.37114e-08, -1, 0, 1, -4.37114e-08, 0, 68.1493, 1.0556e-06 )
mesh = SubResource( 6 )
material/0 = null
script = ExtResource( 14 )
