[gd_scene load_steps=33 format=2]

[ext_resource path="res://Models/Racetrack/Islands01/Islands01.gltf" type="PackedScene" id=1]
[ext_resource path="res://Scenes/Racetrack/Islands01/Car.gd" type="Script" id=2]
[ext_resource path="res://Scenes/Racetrack/Islands01/Islands01_Path.tres" type="Curve3D" id=3]
[ext_resource path="res://Scenes/Racetrack/Islands01/Buildings/Tower01.tscn" type="PackedScene" id=4]
[ext_resource path="res://Scenes/Racetrack/Islands01/Buildings/Small01.tscn" type="PackedScene" id=5]
[ext_resource path="res://Scenes/Racetrack/Islands01/CarTarget.gd" type="Script" id=6]
[ext_resource path="res://Scenes/Racetrack/Islands01/Lamp.tscn" type="PackedScene" id=7]
[ext_resource path="res://Scenes/Racetrack/Islands01/Buildings/Tower03.tscn" type="PackedScene" id=8]
[ext_resource path="res://Scenes/Racetrack/Islands01/Buildings/Tower02.tscn" type="PackedScene" id=9]
[ext_resource path="res://Scenes/Racetrack/Islands01/Buildings/Small02.tscn" type="PackedScene" id=10]
[ext_resource path="res://Scenes/Racetrack/Islands01/Blocks/Block01.tscn" type="PackedScene" id=11]
[ext_resource path="res://Models/Racetrack/Car/Car.gltf" type="PackedScene" id=12]
[ext_resource path="res://Scenes/Racetrack/Islands01/Blocks/Spire.tscn" type="PackedScene" id=13]
[ext_resource path="res://Scenes/Racetrack/Islands01/Sky.gd" type="Script" id=14]
[ext_resource path="res://Scenes/Racetrack/Islands01/CarOffset.gd" type="Script" id=15]
[ext_resource path="res://Scenes/Racetrack/Islands01/Blocks/BigOrb.tscn" type="PackedScene" id=16]
[ext_resource path="res://Scenes/Racetrack/Islands01/Blocks/CloverBlock.tscn" type="PackedScene" id=17]
[ext_resource path="res://Scenes/Racetrack/Islands01/Blocks/DiscPlant.tscn" type="PackedScene" id=18]
[ext_resource path="res://Sprites/HDRIs/MiniSculptSkybox.exr" type="Texture" id=19]
[ext_resource path="res://Sprites/Marblecloud.png" type="Texture" id=20]

[sub_resource type="PanoramaSky" id=37]
panorama = ExtResource( 19 )

[sub_resource type="Environment" id=2]
background_mode = 2
background_sky = SubResource( 37 )
fog_enabled = true
fog_color = Color( 0.18, 0.1332, 0.18, 1 )
fog_sun_color = Color( 0.222607, 0.208878, 0.330078, 1 )
fog_depth_begin = 25.0
fog_depth_end = 400.0
fog_depth_curve = 0.554785
dof_blur_far_amount = 0.05
dof_blur_far_quality = 0

[sub_resource type="Gradient" id=29]
offsets = PoolRealArray( 0, 0.193146, 0.794393, 1 )
colors = PoolColorArray( 1, 1, 1, 0, 0.51, 0.51, 0.51, 0.501961, 0.52, 0.52, 0.52, 0.501961, 1, 1, 1, 0 )

[sub_resource type="GradientTexture" id=30]
gradient = SubResource( 29 )

[sub_resource type="ParticlesMaterial" id=31]
emission_shape = 2
emission_box_extents = Vector3( 24, 12, 24 )
direction = Vector3( 0, -1, 0 )
spread = 0.0
gravity = Vector3( 0, 0, 0 )
initial_velocity = 0.1
color_ramp = SubResource( 30 )

[sub_resource type="SpatialMaterial" id=32]
flags_transparent = true
flags_unshaded = true
vertex_color_use_as_albedo = true
params_billboard_mode = 3
params_billboard_keep_scale = true
particles_anim_h_frames = 1
particles_anim_v_frames = 1
particles_anim_loop = false

[sub_resource type="QuadMesh" id=33]
material = SubResource( 32 )
size = Vector2( 0.1, 0.1 )

[sub_resource type="SpatialMaterial" id=41]
flags_transparent = true
albedo_texture = ExtResource( 20 )
uv1_scale = Vector3( 10, 10, 10 )
proximity_fade_enable = true
proximity_fade_distance = 500.0

[sub_resource type="QuadMesh" id=6]
material = SubResource( 41 )
size = Vector2( 2000, 2000 )

[sub_resource type="OpenSimplexNoise" id=38]

[sub_resource type="NoiseTexture" id=39]
seamless = true
as_normalmap = true
bump_strength = 16.0
noise = SubResource( 38 )

[sub_resource type="SpatialMaterial" id=40]
flags_transparent = true
albedo_color = Color( 0.203922, 0.0156863, 0.411765, 1 )
normal_enabled = true
normal_scale = 1.0
normal_texture = SubResource( 39 )
uv1_scale = Vector3( 10, 10, 10 )
proximity_fade_enable = true
proximity_fade_distance = 100.0

[node name="Spatial" type="Spatial"]

[node name="DirectionalLight" type="DirectionalLight" parent="."]
transform = Transform( -0.834309, 0.37016, -0.408545, 0, 0.741063, 0.671436, 0.551296, 0.560185, -0.618276, 0, 10, 0 )
light_color = Color( 0.498039, 0.796078, 0.996078, 1 )
shadow_enabled = true

[node name="WorldEnvironment" type="WorldEnvironment" parent="."]
environment = SubResource( 2 )

[node name="Path" type="Path" parent="."]
transform = Transform( 1, 0, 0, 0, 1, 0, 0, 0, 1, -0.675188, 0.0489956, 0.4237 )
curve = ExtResource( 3 )
__meta__ = {
"_edit_group_": true,
"_edit_lock_": true
}

[node name="Car" type="PathFollow" parent="Path"]
transform = Transform( 0.999999, 0, 0, 0, 1, 0, 0, 0, 1, 99.5316, 0.755103, 460.664 )
rotation_mode = 0
cubic_interp = false
script = ExtResource( 2 )
__meta__ = {
"_edit_group_": true,
"_edit_lock_": true
}
speed = 6.0
look_target = NodePath("../CarTarget")

[node name="Car" type="Spatial" parent="Path/Car"]
transform = Transform( 1, 0, 0, 0, 1, 0, 0, 0, 1, 0, 0.178, 0 )

[node name="CamHood" type="Camera" parent="Path/Car/Car" groups=["Cameras"]]
transform = Transform( 1, 0, 1.74846e-07, 0, 1, 0, -1.74846e-07, 0, 1, -7.62939e-06, 0.021503, -0.318115 )
fov = 95.0
far = 400.0

[node name="CarImport" parent="Path/Car/Car" instance=ExtResource( 12 )]
transform = Transform( -0.05, 0, -4.37114e-09, 0, 0.05, 0, 4.37114e-09, 0, -0.05, 0, 0, 0 )

[node name="OmniLight" type="OmniLight" parent="Path/Car/Car/CarImport"]
transform = Transform( 20, 0, 3.86535e-12, 0, 20, 0, 0, 0, 20, 0, -0.585901, -3.32812 )
light_color = Color( 0, 0.952941, 1, 1 )
light_energy = 4.0
light_specular = 0.0
omni_range = 0.865213

[node name="SpotLight" type="SpotLight" parent="Path/Car/Car/CarImport"]
transform = Transform( 20, 6.10304e-09, 3.4969e-06, -6.10328e-09, -19.9999, 0.0698119, 3.4969e-06, -0.0698119, -19.9999, 0, -1.42933, 5.57324 )
light_color = Color( 0.607843, 0.109804, 0.976471, 1 )
light_energy = 10.0
light_specular = 0.3
spot_angle = 65.6126
spot_angle_attenuation = 1.51572

[node name="EnvParticles" type="Particles" parent="Path/Car/Car/CarImport"]
transform = Transform( -20, 0, 1.74846e-06, 0, 20, 0, -1.74846e-06, 0, -20, 0, 0, 128 )
amount = 256
lifetime = 6.0
preprocess = 16.0
visibility_aabb = AABB( -32, -12, -32, 64, 24, 64 )
local_coords = false
process_material = SubResource( 31 )
draw_pass_1 = SubResource( 33 )

[node name="CamRear" type="Camera" parent="Path/Car" groups=["Cameras", "PrimaryCamera"]]
transform = Transform( 1, -1.67997e-21, 2.36435e-07, 0, 1, 7.10543e-15, -2.36435e-07, -7.10543e-15, 1, -3.8147e-05, 0.262586, 0.960175 )
fov = 95.0
far = 400.0

[node name="CamSide" type="Camera" parent="Path/Car" groups=["Cameras"]]
transform = Transform( 2.08616e-07, 7.10543e-15, -1, -5.32907e-14, 1, 7.10541e-15, 1, 5.32907e-14, 2.08616e-07, -0.882065, 0.0594896, -0.0152893 )
fov = 95.0
far = 400.0

[node name="CamFront" type="Camera" parent="Path/Car" groups=["Cameras"]]
transform = Transform( -1, 3.54736e-08, -3.23906e-07, 7.81598e-14, 0.994056, 0.108867, 3.25842e-07, 0.108867, -0.994056, -3.8147e-05, 0.207415, -0.820587 )
fov = 95.0
far = 400.0

[node name="CamBird" type="Camera" parent="Path/Car" groups=["Cameras"]]
transform = Transform( -1, 1.49012e-07, 0, 0, -4.37114e-08, 1, 1.49012e-07, 1, 4.37114e-08, 0, 4.09588, 0 )
fov = 95.0
far = 400.0

[node name="CarTarget" type="PathFollow" parent="Path"]
transform = Transform( 0.765375, 0.000501739, 0.643583, 2.50792e-05, 1, -0.000809426, -0.643583, 0.000635656, 0.765375, 100.182, 0.756441, 461.419 )
offset = 1.0
rotation_mode = 4
script = ExtResource( 6 )
__meta__ = {
"_edit_group_": true,
"_edit_lock_": true
}
Car = NodePath("../Car")

[node name="Lamp" parent="Path" instance=ExtResource( 7 )]
transform = Transform( -0.885207, -2.03344e-08, -0.465195, 2.03344e-08, 0.999999, -8.24046e-08, 0.465197, -8.24049e-08, -0.885203, 303.556, 11.2715, 184.081 )
offset = 824.029
rotation_mode = 0

[node name="Lamp13" parent="Path" instance=ExtResource( 7 )]
transform = Transform( -0.819932, -2.5023e-08, -0.572458, 2.50231e-08, 0.999999, -7.95514e-08, 0.572461, -7.95517e-08, -0.819928, 299.798, 12.3651, 176.466 )
offset = 832.6
rotation_mode = 0

[node name="Lamp2" parent="Path" instance=ExtResource( 7 )]
transform = Transform( 0.819332, 2.50605e-08, 0.573316, -2.50606e-08, 0.999999, -7.8972e-09, -0.573319, -7.89723e-09, 0.819328, 295.609, 13.1377, 169.999 )
offset = 840.347
rotation_mode = 0

[node name="Lamp20" parent="Path" instance=ExtResource( 7 )]
transform = Transform( 0.644204, 3.34328e-08, 0.76485, -3.34328e-08, 0.999999, -1.55523e-08, -0.764854, -1.55523e-08, 0.6442, 290.377, 13.6622, 164.16 )
offset = 848.2
rotation_mode = 0

[node name="Lamp3" parent="Path" instance=ExtResource( 7 )]
transform = Transform( 0.739466, 2.94262e-08, 0.67319, -2.94262e-08, 0.999998, -1.13882e-08, -0.673193, -1.13883e-08, 0.739463, 284.921, 13.9585, 159.118 )
offset = 855.644
rotation_mode = 0

[node name="Lamp21" parent="Path" instance=ExtResource( 7 )]
transform = Transform( 0.573605, 3.58053e-08, 0.819128, -3.58054e-08, 0.999998, -1.86382e-08, -0.819132, -1.86383e-08, 0.573602, 278.511, 14.0859, 153.995 )
offset = 863.85
rotation_mode = 0

[node name="Lamp4" parent="Path" instance=ExtResource( 7 )]
transform = Transform( 0.543628, 3.6688e-08, 0.839321, -3.66881e-08, 0.999998, -1.99485e-08, -0.839325, -1.99486e-08, 0.543625, 270.976, 13.9579, 148.895 )
offset = 872.982
rotation_mode = 0

[node name="Lamp22" parent="Path" instance=ExtResource( 7 )]
transform = Transform( 0.543628, 3.6688e-08, 0.839321, -3.66881e-08, 0.999998, -1.99485e-08, -0.839325, -1.99486e-08, 0.543625, 263.88, 13.7223, 144.65 )
offset = 881.25
rotation_mode = 0

[node name="Lamp5" parent="Path" instance=ExtResource( 7 )]
transform = Transform( 0.26074, 4.21993e-08, 0.965403, -4.21994e-08, 0.999998, -3.23139e-08, -0.965409, -3.2314e-08, 0.260739, 166.591, 29.3966, 226.159 )
offset = 1109.07
rotation_mode = 0

[node name="Lamp24" parent="Path" instance=ExtResource( 7 )]
transform = Transform( 0.26074, 4.21993e-08, 0.965403, -4.21994e-08, 0.999998, -3.23139e-08, -0.965409, -3.2314e-08, 0.260739, 181.565, 28.8235, 229.865 )
offset = 1124.51
rotation_mode = 0

[node name="Lamp6" parent="Path" instance=ExtResource( 7 )]
transform = Transform( 0.439641, 3.92604e-08, 0.898167, -3.92604e-08, 1, -2.44939e-08, -0.898173, -2.4494e-08, 0.439638, 193.968, 28.1661, 234.026 )
offset = 1137.63
rotation_mode = 0

[node name="Lamp23" parent="Path" instance=ExtResource( 7 )]
transform = Transform( 0.582903, 3.92604e-08, 0.812535, -4.27875e-08, 1, -1.76229e-08, -0.812541, -2.4494e-08, 0.582899, 208.142, 26.34, 240.609 )
offset = 1153.38
rotation_mode = 0

[node name="Lamp7" parent="Path" instance=ExtResource( 7 )]
transform = Transform( 0.626168, 3.40812e-08, 0.779682, -3.40812e-08, 1, -1.63406e-08, -0.779688, -1.63407e-08, 0.626164, 216.596, 24.5235, 246.965 )
offset = 1164.15
rotation_mode = 0

[node name="Lamp8" parent="Path" instance=ExtResource( 7 )]
transform = Transform( 0.0128278, -4.37078e-08, -0.999909, 4.37078e-08, 1, -4.31503e-08, 0.999917, -4.31507e-08, 0.0128277, -32.8361, 7.64654, -327.644 )
offset = 2191.63
rotation_mode = 0

[node name="Lamp25" parent="Path" instance=ExtResource( 7 )]
transform = Transform( 0.464579, -3.87078e-08, -0.885524, 3.87078e-08, 1, -2.34038e-08, 0.885531, -2.3404e-08, 0.464575, -50.0722, 5.34044, -323.576 )
offset = 2209.41
rotation_mode = 0

[node name="Lamp9" parent="Path" instance=ExtResource( 7 )]
transform = Transform( 0.549621, -3.65171e-08, -0.835408, 3.65171e-08, 1, -1.96865e-08, 0.835414, -1.96867e-08, 0.549617, -64.5522, 3.20609, -316.463 )
offset = 2225.8
rotation_mode = 0

[node name="Lamp26" parent="Path" instance=ExtResource( 7 )]
transform = Transform( 0.713972, -3.06056e-08, -0.700169, 3.06056e-08, 1, -1.25026e-08, 0.700174, -1.25027e-08, 0.713966, -76.4738, 1.31568, -305.335 )
offset = 2242.26
rotation_mode = 0

[node name="Lamp10" parent="Path" instance=ExtResource( 7 )]
transform = Transform( 0.47955, -3.83574e-08, -0.877507, 3.83574e-08, 1, -2.27494e-08, 0.877514, -2.27496e-08, 0.479546, -86.7041, 0.0111122, -297.303 )
offset = 2255.37
rotation_mode = 0

[node name="Lamp27" parent="Path" instance=ExtResource( 7 )]
transform = Transform( -0.315831, -4.1474e-08, -0.948807, 4.1474e-08, 1, -5.75163e-08, 0.948815, -5.75168e-08, -0.315829, -102.253, -0.59891, -295.13 )
offset = 2271.71
rotation_mode = 0

[node name="Lamp11" parent="Path" instance=ExtResource( 7 )]
transform = Transform( 0.554801, 3.63671e-08, 0.831976, -3.63671e-08, 1, -1.94601e-08, -0.831983, -1.94603e-08, 0.554796, -115.547, 0.906332, -301.456 )
offset = 2286.48
rotation_mode = 0

[node name="Lamp28" parent="Path" instance=ExtResource( 7 )]
transform = Transform( 0.312567, 4.15213e-08, 0.949887, -4.15213e-08, 1, -3.00484e-08, -0.949896, -3.00487e-08, 0.312564, -132.323, 3.45127, -307.624 )
offset = 2304.55
rotation_mode = 0

[node name="Lamp12" parent="Path" instance=ExtResource( 7 )]
transform = Transform( 0.200428, -4.28244e-08, -0.9797, 4.28244e-08, 1, -3.49501e-08, 0.979708, -3.49504e-08, 0.200426, -148.03, 5.69456, -308.397 )
offset = 2320.64
rotation_mode = 0

[node name="Lamp29" parent="Path" instance=ExtResource( 7 )]
transform = Transform( 0.530689, -3.70484e-08, -0.847559, 3.70483e-08, 1, -2.05141e-08, 0.847567, -2.05143e-08, 0.530684, -163.029, 7.09965, -303.072 )
offset = 2336.69
rotation_mode = 0

[node name="Lamp14" parent="Path" instance=ExtResource( 7 )]
transform = Transform( 0.55217, -3.64436e-08, -0.833724, 3.64436e-08, 1, -1.95751e-08, 0.833732, -1.95753e-08, 0.552165, -175.668, 8.05691, -294.95 )
offset = 2351.75
rotation_mode = 0

[node name="Lamp30" parent="Path" instance=ExtResource( 7 )]
transform = Transform( 0.67075, -3.242e-08, -0.741677, 3.242e-08, 1, -1.43918e-08, 0.741683, -1.4392e-08, 0.670744, -187.566, 8.0983, -284.324 )
offset = 2367.71
rotation_mode = 0

[node name="Lamp31" parent="Path" instance=ExtResource( 7 )]
transform = Transform( 0.617461, -3.242e-08, -0.786594, 3.13388e-08, 1, -1.6615e-08, 0.786601, -1.4392e-08, 0.617456, -196.722, 8.07097, -276.192 )
offset = 2379.94
rotation_mode = 0

[node name="Lamp15" parent="Path" instance=ExtResource( 7 )]
transform = Transform( 0.44974, -3.90413e-08, -0.893151, 3.90412e-08, 1, -2.40524e-08, 0.89316, -2.40526e-08, 0.449735, -207.096, 7.99784, -269.03 )
offset = 2392.54
rotation_mode = 0

[node name="Lamp16" parent="Path" instance=ExtResource( 7 )]
transform = Transform( 0.986398, 7.18512e-09, 0.164374, -7.18511e-09, 1, -5.94569e-10, -0.164376, -5.94576e-10, 0.986387, -114.063, 4.99577, 131.728 )
offset = 4648.42
rotation_mode = 0

[node name="Lamp32" parent="Path" instance=ExtResource( 7 )]
transform = Transform( 0.942903, 1.45588e-08, 0.333063, -1.45588e-08, 1, -2.49575e-09, -0.333066, -2.49578e-09, 0.942893, -109.784, 4.0228, 147.71 )
offset = 4665.0
rotation_mode = 0

[node name="Lamp17" parent="Path" instance=ExtResource( 7 )]
transform = Transform( 0.95659, 1.27391e-08, 0.291434, -1.27391e-08, 1, -1.89749e-09, -0.291437, -1.89751e-09, 0.95658, -104.463, 2.47483, 164.393 )
offset = 4682.59
rotation_mode = 0

[node name="Lamp33" parent="Path" instance=ExtResource( 7 )]
transform = Transform( 0.91991, 1.71405e-08, 0.392124, -1.71405e-08, 1, -3.50079e-09, -0.392128, -3.50082e-09, 0.919901, -97.9948, 1.25256, 180.367 )
offset = 4699.9
rotation_mode = 0

[node name="Lamp18" parent="Path" instance=ExtResource( 7 )]
transform = Transform( 0.934235, 1.559e-08, 0.356652, -1.55899e-08, 1, -2.87462e-09, -0.356656, -2.87466e-09, 0.934225, -91.7633, 0.818517, 195.459 )
offset = 4716.24
rotation_mode = 0

[node name="Lamp34" parent="Path" instance=ExtResource( 7 )]
transform = Transform( 0.887469, 2.01451e-08, 0.460861, -2.01451e-08, 1, -4.9188e-09, -0.460866, -4.91886e-09, 0.88746, -85.1571, 0.749759, 209.048 )
offset = 4731.39
rotation_mode = 0

[node name="Lamp19" parent="Path" instance=ExtResource( 7 )]
transform = Transform( 0.890293, 1.99057e-08, 0.455384, -1.99057e-08, 1, -4.79542e-09, -0.45539, -4.79548e-09, 0.890282, -77.378, 0.681514, 222.396 )
offset = 4746.84
rotation_mode = 0

[node name="Buildings" type="Node" parent="."]

[node name="Towers" type="Node" parent="Buildings"]

[node name="Tower01" parent="Buildings/Towers" instance=ExtResource( 4 )]
transform = Transform( -4.86742, 0, -3.5083, 0, 6, 0, 3.5083, 0, -4.86742, 121.611, 0, 430.801 )

[node name="Tower04" parent="Buildings/Towers" instance=ExtResource( 4 )]
transform = Transform( 3.5083, 0, -4.86742, 0, 6, 0, 4.86742, 0, 3.5083, 140.611, 0, 417.801 )

[node name="Tower05" parent="Buildings/Towers" instance=ExtResource( 4 )]
transform = Transform( 4.86742, 0, 3.5083, 0, 6, 0, -3.5083, 0, 4.86742, 118.611, 0, 404.801 )

[node name="Tower02" parent="Buildings/Towers" instance=ExtResource( 4 )]
transform = Transform( -3.4358, 0, -4.91887, 0, 6, 0, 4.91887, 0, -3.4358, 265.952, 0, 430.801 )

[node name="Tower03" parent="Buildings/Towers" instance=ExtResource( 4 )]
transform = Transform( -4.23753, 0, 4.24775, 0, 6, 0, -4.24775, 0, -4.23753, 199.412, 0, 377.91 )

[node name="Tower" parent="Buildings/Towers" instance=ExtResource( 8 )]
transform = Transform( 12, 0, 0, 0, 12, 0, 0, 0, 12, 114.631, 0, 280.648 )

[node name="Tower3" parent="Buildings/Towers" instance=ExtResource( 9 )]
transform = Transform( 12, 0, 0, 0, 12, 0, 0, 0, 12, -65.8673, 1.03289, -57.2596 )

[node name="Smalls" type="Node" parent="Buildings"]

[node name="Small01" parent="Buildings/Smalls" instance=ExtResource( 5 )]
transform = Transform( -1.31134e-07, 0, -3, 0, 3, 0, 3, 0, -1.31134e-07, 152.189, 0, 429.27 )

[node name="Small53" parent="Buildings/Smalls" instance=ExtResource( 5 )]
transform = Transform( -1.31134e-07, 0, -3, 0, 3, 0, 3, 0, -1.31134e-07, -117.043, 0, -381.155 )

[node name="Small54" parent="Buildings/Smalls" instance=ExtResource( 5 )]
transform = Transform( -1.31134e-07, 0, -3, 0, 3, 0, 3, 0, -1.31134e-07, -106.465, 0, -388.321 )

[node name="Small55" parent="Buildings/Smalls" instance=ExtResource( 5 )]
transform = Transform( -1.31134e-07, 0, -3, 0, 3, 0, 3, 0, -1.31134e-07, -107.83, 0, -379.108 )

[node name="Small56" parent="Buildings/Smalls" instance=ExtResource( 5 )]
transform = Transform( -1.31134e-07, 0, -3, 0, 3, 0, 3, 0, -1.31134e-07, -97.5927, 0, -363.411 )

[node name="Small57" parent="Buildings/Smalls" instance=ExtResource( 5 )]
transform = Transform( -1.31134e-07, 0, -3, 0, 3, 0, 3, 0, -1.31134e-07, -117.384, 0, -354.881 )

[node name="Small58" parent="Buildings/Smalls" instance=ExtResource( 5 )]
transform = Transform( -1.31134e-07, 0, -3, 0, 3, 0, 3, 0, -1.31134e-07, -255.583, 0, -343.279 )

[node name="Small59" parent="Buildings/Smalls" instance=ExtResource( 5 )]
transform = Transform( -1.31134e-07, 0, -3, 0, 3, 0, 3, 0, -1.31134e-07, -304.72, 0, -412.549 )

[node name="Small02" parent="Buildings/Smalls" instance=ExtResource( 5 )]
transform = Transform( 3, 0, 0, 0, 3, 0, 0, 0, 3, 161.189, 0, 426.27 )

[node name="Small03" parent="Buildings/Smalls" instance=ExtResource( 5 )]
transform = Transform( 3, 0, 0, 0, 3, 0, 0, 0, 3, 134.218, 0, 296.289 )

[node name="Small07" parent="Buildings/Smalls" instance=ExtResource( 5 )]
transform = Transform( -1.31134e-07, 0, 3, 0, 3, 0, -3, 0, -1.31134e-07, 134.671, 0, 282.289 )

[node name="Small08" parent="Buildings/Smalls" instance=ExtResource( 5 )]
transform = Transform( 3, 0, -1.59872e-13, 0, 3, 0, 1.59872e-13, 0, 3, 134.671, 0, 267.289 )

[node name="Small09" parent="Buildings/Smalls" instance=ExtResource( 5 )]
transform = Transform( -3, 0, 0, 0, 3, 0, 0, 0, -3, 103.256, 0, 298.975 )

[node name="Small10" parent="Buildings/Smalls" instance=ExtResource( 5 )]
transform = Transform( 0, 0, -3, 0, 3, 0, 3, 0, 0, 94.6763, 0, 298.755 )

[node name="Small11" parent="Buildings/Smalls" instance=ExtResource( 5 )]
transform = Transform( -3, 0, 0, 0, 3, 0, 0, 0, -3, 95.0697, 0, 290.149 )

[node name="Small04" parent="Buildings/Smalls" instance=ExtResource( 5 )]
transform = Transform( -3, 0, -4.52987e-07, 0, 3, 0, 4.52987e-07, 0, -3, 197.189, 0, 433.27 )

[node name="Small05" parent="Buildings/Smalls" instance=ExtResource( 5 )]
transform = Transform( -1.31134e-07, 0, 3, 0, 3, 0, -3, 0, -1.31134e-07, 205.189, 0, 435.27 )

[node name="Small06" parent="Buildings/Smalls" instance=ExtResource( 5 )]
transform = Transform( 3, 0, 0, 0, 3, 0, 0, 0, 3, 213.189, 0, 438.27 )

[node name="Small" parent="Buildings/Smalls" instance=ExtResource( 10 )]
transform = Transform( 3, 0, 0, 0, 3, 0, 0, 0, 3, -76.3372, 0, -45.8023 )

[node name="Small2" parent="Buildings/Smalls" instance=ExtResource( 10 )]
transform = Transform( 3, 0, 0, 0, 3, 0, 0, 0, 3, -104.292, 0, -129.021 )

[node name="Small3" parent="Buildings/Smalls" instance=ExtResource( 10 )]
transform = Transform( 3, 0, 0, 0, 3, 0, 0, 0, 3, -110.292, 0, -139.021 )

[node name="Small4" parent="Buildings/Smalls" instance=ExtResource( 10 )]
transform = Transform( 3, 0, 0, 0, 3, 0, 0, 0, 3, -116.292, 0, -149.021 )

[node name="Block01" parent="Buildings" instance=ExtResource( 11 )]
transform = Transform( -10, 0, -1.50996e-06, 0, 10, 0, 1.50996e-06, 0, -10, -53.2848, 0, -214.284 )

[node name="Spire" parent="Buildings" instance=ExtResource( 13 )]
transform = Transform( 4.72034, 0, 6.45898, 0, 8, 0, -6.45898, 0, 4.72034, 244.02, 0, 195.555 )

[node name="Spire2" parent="Buildings" instance=ExtResource( 13 )]
transform = Transform( -0.494336, 0, 3.96934, 0, 4, 0, -3.96934, 0, -0.494336, 183.068, 0, 336.507 )

[node name="Spire3" parent="Buildings" instance=ExtResource( 13 )]
transform = Transform( -0.429291, 0, -3.9769, 0, 4, 0, 3.9769, 0, -0.429291, 80.7663, 0, 239.965 )

[node name="BigOrb" parent="Buildings" instance=ExtResource( 16 )]
transform = Transform( 5.56281, 0, 8.30994, 0, 10, 0, -8.30994, 0, 5.56281, -203.762, 0, -436.435 )

[node name="CloverBlock" parent="Buildings" instance=ExtResource( 17 )]
transform = Transform( 1, 0, 0, 0, 1, 0, 0, 0, 1, -354.881, 0, -424.151 )

[node name="CloverBlock2" parent="Buildings" instance=ExtResource( 17 )]
transform = Transform( -4.37114e-08, 0, 1, 0, 1, 0, -1, 0, -4.37114e-08, -329.677, 0, -396.601 )

[node name="CloverBlock4" parent="Buildings" instance=ExtResource( 17 )]
transform = Transform( -4.37114e-08, 0, 1, 0, 1, 0, -1, 0, -4.37114e-08, -90.6773, 0, -415.601 )

[node name="CloverBlock5" parent="Buildings" instance=ExtResource( 17 )]
transform = Transform( -0.707107, 0, -0.707107, 0, 1, 0, 0.707107, 0, -0.707107, 34.4354, 0, -320.146 )

[node name="CloverBlock6" parent="Buildings" instance=ExtResource( 17 )]
transform = Transform( -4.37114e-08, 0, 1, 0, 1, 0, -1, 0, -4.37114e-08, -100.915, 0, -325.288 )

[node name="CloverBlock7" parent="Buildings" instance=ExtResource( 17 )]
transform = Transform( -4.37114e-08, 0, 1, 0, 1, 0, -1, 0, -4.37114e-08, -118.915, 0, -237.288 )

[node name="CloverBlock8" parent="Buildings" instance=ExtResource( 17 )]
transform = Transform( -4.37114e-08, 0, 1, 0, 1, 0, -1, 0, -4.37114e-08, 63.0851, 0, -164.288 )

[node name="CloverBlock3" parent="Buildings" instance=ExtResource( 17 )]
transform = Transform( -1.66199, 0, 1.11256, 0, 2, 0, -1.11256, 0, -1.66199, -242.31, 0, -538.776 )

[node name="DiscPlant" parent="Buildings" instance=ExtResource( 18 )]
transform = Transform( -1.31134e-07, 0, 3, 0, 3, 0, -3, 0, -1.31134e-07, 107, 0, 358 )

[node name="DiscPlant4" parent="Buildings" instance=ExtResource( 18 )]
transform = Transform( 3, 0, -1.06581e-14, 0, 3, 0, 1.06581e-14, 0, 3, 175, 0, 470 )

[node name="DiscPlant2" parent="Buildings" instance=ExtResource( 18 )]
transform = Transform( -1.31134e-07, 0, 3, 0, 3, 0, -3, 0, -1.31134e-07, 249, 0, 293 )

[node name="DiscPlant3" parent="Buildings" instance=ExtResource( 18 )]
transform = Transform( -3, 0, -4.52987e-07, 0, 3, 0, 4.52987e-07, 0, -3, 339, 0, 146 )

[node name="DiscPlant5" parent="Buildings" instance=ExtResource( 18 )]
transform = Transform( 4.33013, 0, -2.5, 0, 5, 0, 2.5, 0, 4.33013, 238.371, 0, 47.8397 )

[node name="Islands01" parent="." instance=ExtResource( 1 )]

[node name="Sky" type="MeshInstance" parent="."]
transform = Transform( 1, 0, 0, 0, -4.37114e-08, -1, 0, 1, -4.37114e-08, 0, 60, 0 )
visible = false
mesh = SubResource( 6 )
material/0 = null
script = ExtResource( 14 )
scroll_speed = Vector2( 0.002, 0.004 )

[node name="Sky2" type="MeshInstance" parent="."]
transform = Transform( 1, 0, 0, 0, -4.37114e-08, -1, 0, 1, -4.37114e-08, 0, 84, 1.04907e-06 )
visible = false
mesh = SubResource( 6 )
material/0 = null
script = ExtResource( 14 )
scroll_speed = Vector2( 0.001, 0.002 )

[node name="Water" type="MeshInstance" parent="."]
transform = Transform( 1, 0, 0, 0, -4.37114e-08, 1, 0, -1, -4.37114e-08, 0, -16, 0 )
mesh = SubResource( 6 )
material/0 = SubResource( 40 )
script = ExtResource( 14 )
__meta__ = {
"_edit_group_": true,
"_edit_lock_": true
}
scroll_speed = Vector2( 0.002, 0.004 )

[node name="Control" type="Control" parent="."]
anchor_right = 1.0
anchor_bottom = 1.0

[node name="CarOffset" type="Label" parent="Control"]
margin_right = 40.0
margin_bottom = 14.0
script = ExtResource( 15 )
carPath = NodePath("../../Path/Car")
