[gd_scene load_steps=3 format=2]

[ext_resource path="res://Scenes/OrthoBuildings/OrthoSpawner.tscn" type="PackedScene" id=1]

[sub_resource type="Environment" id=2]

[node name="OrthoBuildings" type="Spatial"]

[node name="OrthoSpawner" parent="." instance=ExtResource( 1 )]

[node name="OrthoSpawner2" parent="." instance=ExtResource( 1 )]
transform = Transform( 1, 0, 0, 0, 1, 0, 0, 0, 1, 20, 0, -19 )

[node name="OrthoSpawner3" parent="." instance=ExtResource( 1 )]
transform = Transform( 1, 0, 0, 0, 1, 0, 0, 0, 1, 20, 0, -16 )

[node name="OrthoSpawner4" parent="." instance=ExtResource( 1 )]
transform = Transform( 1, 0, 0, 0, 1, 0, 0, 0, 1, 20, 0, -13 )

[node name="OrthoSpawner5" parent="." instance=ExtResource( 1 )]
transform = Transform( 1, 0, 0, 0, 1, 0, 0, 0, 1, 20, 0, -10 )

[node name="OrthoSpawner6" parent="." instance=ExtResource( 1 )]
transform = Transform( 1, 0, 0, 0, 1, 0, 0, 0, 1, 20, 0, -7 )

[node name="OrthoSpawner7" parent="." instance=ExtResource( 1 )]
transform = Transform( 1, 0, 0, 0, 1, 0, 0, 0, 1, 20, 0, -4 )

[node name="OrthoSpawner8" parent="." instance=ExtResource( 1 )]
transform = Transform( 1, 0, 0, 0, 1, 0, 0, 0, 1, 20, 0, -1 )

[node name="OrthoSpawner9" parent="." instance=ExtResource( 1 )]
transform = Transform( 1, 0, 0, 0, 1, 0, 0, 0, 1, 20, 0, 2 )

[node name="OrthoSpawner10" parent="." instance=ExtResource( 1 )]
transform = Transform( 1, 0, 0, 0, 1, 0, 0, 0, 1, 20, 0, 5 )

[node name="MainCam" type="Camera" parent="." groups=["Cameras", "PrimaryCamera"]]
transform = Transform( 1, 0, 0, 0, 0.877314, 0.479917, 0, -0.479917, 0.877314, 0, 13.5144, 19.884 )
fov = 30.0
size = 16.6722

[node name="TrenchCam" type="Camera" parent="." groups=["Cameras"]]
transform = Transform( -3.78552e-08, 0.741004, -0.671501, 2.18557e-08, 0.671501, 0.741004, 1, 1.33747e-08, -4.16149e-08, -15, 6.51439, -8.61599 )
fov = 80.0
size = 16.6722

[node name="BirdsEyeCam" type="Camera" parent="." groups=["Cameras"]]
transform = Transform( -1.13133e-08, 0.998792, 0.0491462, 4.2222e-08, -0.0491462, 0.998792, 1, 1.33747e-08, -4.16149e-08, 4, 35, -8 )
fov = 30.0
size = 16.6722

[node name="WorldEnvironment" type="WorldEnvironment" parent="."]
environment = SubResource( 2 )
